,square,rectangle,parallelogram,losange,isoTrapezoid,kite,rightKite,rustedHinge,hinge,trapezoid,random
square,0.0,107.80268153296895,164.23039219921964,264.27508262945344,199.07288119998867,106.28025749201544,156.07220450498747,149.23352295154632,140.9104469450686,245.50984962523418,270.7665363044784
rectangle,107.80268153296895,0.0,164.83576033239146,280.43617378400484,249.08626593809294,124.15501377645754,189.70689633142797,106.09645730447005,95.59334657671354,285.6967242108916,310.2835230820197
parallelogram,164.23039219921964,164.83576033239146,0.0,134.38701293555192,152.92924860279618,159.86644458174746,115.97276670291498,174.13636641656973,157.2128884651056,158.7793887154184,182.57629563034547
losange,264.27508262945344,280.43617378400484,134.38701293555192,0.0,148.83204112349247,258.83625281351385,171.24241197091607,278.031732828044,261.5060227507089,105.7119387887527,124.07186886144804
isoTrapezoid,199.07288119998867,249.08626593809294,152.92924860279618,148.83204112349247,0.0,191.88618157350882,104.69159338450369,248.4737781711708,232.2278697112096,85.95476367652316,119.7599038722653
kite,106.28025749201544,124.15501377645754,159.86644458174746,258.83625281351385,191.88618157350882,0.0,121.68212098770574,127.25531760608534,119.15608027758644,242.09782228725905,261.5844291176866
rightKite,156.07220450498747,189.70689633142797,115.97276670291498,171.24241197091607,104.69159338450369,121.68212098770574,0.0,181.9732978587669,168.49931507529635,139.19359394471678,160.85367159609336
rustedHinge,149.23352295154632,106.09645730447005,174.13636641656973,278.031732828044,248.4737781711708,127.25531760608534,181.9732978587669,0.0,42.011105604070416,282.522612850664,294.92798881397994
hinge,140.9104469450686,95.59334657671354,157.2128884651056,261.5060227507089,232.2278697112096,119.15608027758644,168.49931507529635,42.011105604070416,0.0,265.437676587578,280.5659793207286
trapezoid,245.50984962523418,285.6967242108916,158.7793887154184,105.7119387887527,85.95476367652316,242.09782228725905,139.19359394471678,282.522612850664,265.437676587578,0.0,77.64027961075993
random,270.7665363044784,310.2835230820197,182.57629563034547,124.07186886144804,119.7599038722653,261.5844291176866,160.85367159609336,294.92798881397994,280.5659793207286,77.64027961075993,0.0
