,square,rectangle,parallelogram,losange,isoTrapezoid,kite,rightKite,rustedHinge,hinge,trapezoid,random
square,0.0,9.966041123512683,14.34561240417726,17.42204998616914,9.277164092410214,8.790540203543182,8.156721604999516,12.765174399096741,11.944244948006121,10.415918878691208,14.341133643270979
rectangle,9.966041123512683,0.0,9.871882529744138,14.66534269229926,14.906491503232825,12.385333026385391,12.170923919903261,11.35102589013078,9.312987377190677,12.658403965234498,16.700017648330597
parallelogram,14.34561240417726,9.871882529744138,0.0,8.76839721760823,16.40354300412047,15.915183948198376,14.452060399941905,13.54199319459816,11.59359281408688,11.554437058650183,15.028967620367677
losange,17.42204998616914,14.66534269229926,8.76839721760823,0.0,17.638054640237243,18.18951215624642,16.854380850602055,15.184600040191253,14.227371506014823,12.26526281230921,13.225854016800866
isoTrapezoid,9.277164092410214,14.906491503232825,16.40354300412047,17.638054640237243,0.0,9.657767430694534,9.145019943808094,15.771922876261792,15.526209605205365,10.162359685484686,12.30593926033672
kite,8.790540203543182,12.385333026385391,15.915183948198376,18.18951215624642,9.657767430694534,0.0,6.921024129375966,14.885726104861908,14.500500642506411,13.500039556614178,16.050251264952244
rightKite,8.156721604999516,12.170923919903261,14.452060399941905,16.854380850602055,9.145019943808094,6.921024129375966,0.0,14.616857674035225,14.03065886719482,10.186934499716832,14.302885796534284
rustedHinge,12.765174399096741,11.35102589013078,13.54199319459816,15.184600040191253,15.771922876261792,14.885726104861908,14.616857674035225,0.0,4.27733622236787,14.03093997326878,14.926744591762645
hinge,11.944244948006121,9.312987377190677,11.59359281408688,14.227371506014823,15.526209605205365,14.500500642506411,14.03065886719482,4.27733622236787,0.0,13.111559402111366,14.6233999888796
trapezoid,10.415918878691208,12.658403965234498,11.554437058650183,12.26526281230921,10.162359685484686,13.500039556614178,10.186934499716832,14.03093997326878,13.111559402111366,0.0,8.387635993775493
random,14.341133643270979,16.700017648330597,15.028967620367677,13.225854016800866,12.30593926033672,16.050251264952244,14.302885796534284,14.926744591762645,14.6233999888796,8.387635993775493,0.0
