,square,rectangle,parallelogram,losange,isoTrapezoid,kite,rightKite,rustedHinge,hinge,trapezoid,random
square,0.0,4.0040058599439305,5.117343431899946,6.10141814386471,3.1176245382102765,2.689057952810246,2.245361741100052,4.276990008528846,4.136702272364107,3.4537903846800746,4.8285867889126
rectangle,4.0040058599439305,0.0,3.1749706447958523,4.754417113826866,5.473992872317,4.454328148153797,4.315934247091405,3.442027942593928,2.7415744032717395,4.478712963195908,5.7060726467601475
parallelogram,5.117343431899946,3.1749706447958523,0.0,3.233975054822209,5.8545412128287175,5.471389568158225,5.066392716800568,4.18812282400806,3.56212963108619,4.455625993026029,5.477724431920325
losange,6.10141814386471,4.754417113826866,3.233975054822209,0.0,6.187281893642344,6.235779727827745,5.953453618157619,4.635927171355002,4.4004903304027785,4.6708217443917786,4.715595270073788
isoTrapezoid,3.1176245382102765,5.473992872317,5.8545412128287175,6.187281893642344,0.0,3.3336949465168404,3.1046934232134635,5.399741493595526,5.4137828070406835,3.6219132895874586,4.415268829188554
kite,2.689057952810246,4.454328148153797,5.471389568158225,6.235779727827745,3.3336949465168404,0.0,2.3157975886197013,5.094049618016934,5.022789318407736,4.412478814662962,5.422378599480037
rightKite,2.245361741100052,4.315934247091405,5.066392716800568,5.953453618157619,3.1046934232134635,2.3157975886197013,0.0,4.831156280582231,4.711041577278419,3.4248533913291554,5.054266588409532
rustedHinge,4.276990008528846,3.442027942593928,4.18812282400806,4.635927171355002,5.399741493595526,5.094049618016934,4.831156280582231,0.0,1.3697257735357493,4.547936210745037,4.99898123801986
hinge,4.136702272364107,2.7415744032717395,3.56212963108619,4.4004903304027785,5.4137828070406835,5.022789318407736,4.711041577278419,1.3697257735357493,0.0,4.3500824823496025,5.05131726618178
trapezoid,3.4537903846800746,4.478712963195908,4.455625993026029,4.6708217443917786,3.6219132895874586,4.412478814662962,3.4248533913291554,4.547936210745037,4.3500824823496025,0.0,3.2770334895375024
random,4.8285867889126,5.7060726467601475,5.477724431920325,4.715595270073788,4.415268829188554,5.422378599480037,5.054266588409532,4.99898123801986,5.05131726618178,3.2770334895375024,0.0
