,square,rectangle,parallelogram,losange,isoTrapezoid,kite,rightKite,rustedHinge,hinge,trapezoid,random
square,0.0,14.070400316632007,20.996633569145065,25.661895600611587,14.518695623580186,14.052767282800225,13.405885156809447,19.02760786560381,17.953007611184457,16.33349905475927,22.111311377328697
rectangle,14.070400316632007,0.0,14.853498648521137,22.03400797122536,21.927963984519263,18.647495772732164,18.470750827466794,17.319336499042794,14.762537022068951,19.25686360206186,25.25288676413483
parallelogram,20.996633569145065,14.853498648521137,0.0,12.89709400621107,23.720332564883297,23.59099420977132,21.430459629748256,20.443545794032698,17.933125659173715,17.10072240309607,22.48889449762087
losange,25.661895600611587,22.03400797122536,12.89709400621107,0.0,25.52604794412832,27.10264566080921,24.825839508704586,23.13948564726756,21.84194926684187,17.72302067979479,19.700039857241823
isoTrapezoid,14.518695623580186,21.927963984519263,23.720332564883297,25.52604794412832,0.0,14.725145564149086,13.842435788568732,23.09220141587444,22.765644461234174,14.810771016664047,18.116471260783594
kite,14.052767282800225,18.647495772732164,23.59099420977132,27.10264566080921,14.725145564149086,0.0,10.392737673037947,21.55272802348654,20.987708640054915,20.668281519384248,23.922541129433608
rightKite,13.405885156809447,18.470750827466794,21.430459629748256,24.825839508704586,13.842435788568732,10.392737673037947,0.0,21.198763064373807,20.384107161668062,15.57502883167839,20.899192330631628
rustedHinge,19.02760786560381,17.319336499042794,20.443545794032698,23.13948564726756,23.09220141587444,21.55272802348654,21.198763064373807,0.0,6.382820535775147,21.364907075678147,22.335295877685116
hinge,17.953007611184457,14.762537022068951,17.933125659173715,21.84194926684187,22.765644461234174,20.987708640054915,20.384107161668062,6.382820535775147,0.0,20.14131312100686,21.731102937233445
trapezoid,16.33349905475927,19.25686360206186,17.10072240309607,17.72302067979479,14.810771016664047,20.668281519384248,15.57502883167839,21.364907075678147,20.14131312100686,0.0,12.69505865806558
random,22.111311377328697,25.25288676413483,22.48889449762087,19.700039857241823,18.116471260783594,23.922541129433608,20.899192330631628,22.335295877685116,21.731102937233445,12.69505865806558,0.0
